1 23
2 5
3 12
4 24
5 30
6 13
7 27
8 1
9 10
10 25
11 9
12 28
13 2
14 11
15 32
16 18
17 7
18 35
19 8
20 19
21 25
22 2
23 24
24 23
25 30
26 32
27 16
28 22
29 31
30 32
31 10
32 19
33 3
34 8
35 21
36 26
37 5
38 9
39 10
40 3
41 12
42 9
43 28
44 2
45 17
46 2
47 11
48 14
49 12
50 14
51 25
52 11
53 7
54 4
55 1
56 2
57 1
58 3
59 24
60 20
61 5
62 27
63 10
64 8
65 28
66 13
67 24
68 4
69 1
70 18
71 31
72 30
73 21
74 13
75 15
76 16
77 20
78 5
79 21
80 8
81 17
82 22
83 5
84 19
85 9
86 1
87 21
88 37
89 29
90 24
91 13
92 18
93 20
94 29
95 2
96 13
97 15
98 19
99 1
100 9
101 26
102 7
103 22
104 1
105 3
106 14
107 4
108 15
109 22
110 19
111 12
112 8
113 3
114 9
115 2
116 1
117 5
118 1
119 2
120 35
121 15
122 18
123 30
124 13
125 25
126 28
127 3
128 23
129 20
130 12
131 19
132 4
133 7
134 16
135 9
136 2
137 1
138 1
139 11
140 2
141 8
142 1
143 23
144 7
145 28
146 5
147 17
148 10
149 14
150 18
151 27
152 13
153 37
154 11
155 10
156 9
157 14
158 12
159 2
160 14
161 4
162 1
163 8
164 22
165 3
166 15
167 12
168 1
169 5
170 18
171 9
172 7
173 1
174 4
175 16
176 2
177 21
178 25
179 7
180 5
181 20
182 20
183 3
184 15
185 1
186 11
187 1
188 2
189 8
190 2
191 21
192 10
193 1
194 2
195 6
196 9
197 2
198 31
199 27
200 23
201 8
202 23
203 9
204 33
205 4
206 26
207 24
208 17
209 1
210 21
211 8
212 30
213 24
214 14
215 33
216 9
217 5
218 4
219 14
220 5
221 13
222 28
223 33
224 5
225 7
226 19
227 15
228 20
229 3
230 4
231 15
232 3
233 22
234 13
235 7
236 1
237 29
238 2
239 3
240 32
241 1
242 27
243 10
244 17
245 15
246 1
247 28
248 19
249 11
250 13
251 2
252 18
253 10
254 4
255 27
256 15
257 9
258 22
259 12
260 31
261 13
262 17
263 1
264 16
265 21
266 9
267 16
268 20
269 4
270 1
271 32
272 23
273 19
274 12
275 5
276 11
277 5
278 26
279 19
280 13
281 5
282 11
283 10
284 2
285 2
286 9
287 18
288 20
289 16
290 4
291 15
292 19
293 37
294 17
295 24
296 16
297 11
298 23
299 8
300 5
301 29
302 16
303 39
304 38
305 13
306 10
307 22
308 7
309 4
310 1
311 26
312 1
313 2
314 1
315 2
316 1
317 14
318 3
319 11
320 12
321 29
322 2
323 35
324 24
325 5
326 13
327 2
328 4
329 13
330 28
331 16
332 38
333 1
334 25
335 23
336 34
337 27
338 31
339 12
340 30
341 3
342 18
343 17
344 3
345 18
346 14
347 7
348 3
349 26
350 4
351 13
352 9
353 3
354 3
355 1
356 28
357 4
358 10
359 15
360 13
361 1
362 2
363 10
364 6
365 6
366 6
367 6
368 6
369 6
370 23
371 34
372 36
373 5
374 36
375 10
376 6
377 6
378 6
379 2
380 3
381 4
382 7
383 6
384 13
385 13
